9781891830754
9781603090506
9781603092661
9781891830716
9781603090254
9781603090476
9781603093224
9781891830853
9781603090162
9781603092654
9781603092395
9781603090773
9781603090698
9781603090421
9781603090261
9781891830372
9781603090292
9781891830402
9781891830563
9781891830433
9781891830433
9781603090964
9781603092739
9781603090636
9781891830198
9780985875138
9781891830600
9781603090667
9780971359765
9781603091008
9781891830815
9781603092715
9781891830129
9781891830921
9781603090124
9781603090575
9781603090858
9781603090384
9781891830778
9781603090360
9781603093750
9781603090537
9781891830976
9780958578349
9781603093743
9781603093033
9781603090803
9781603090988
9781603093019
9781603090513
9781891830020
9781891830259
9781603090308
9781603090087
9781603090247
9781891830174
9781891830556
9781603090865
9781891830860
9781891830914
9781603090674
9781603093484
9781891830839
9781603090131
9781603090155
9781603090414
9781603090599
9781603090841
9781603093491
9781603093842
9781603093682
9781891830990
9781891830655
9780990520801
9781891830907
9781603090100
9781603090629
9781603090001
9781603090063
9781603090070
9781603093293
9781603093545
9781891830518
9781603090704
9781891830693
9781603091541
9781603090445
9781603091527
9781603090094
9781603090735
9781603090728
9781891830334
UPC 094922943
9781603093002
9781603093903
9781603093835
9781603094009
9781603093330
9781891830457
9781891830365
9781603090759
9781891830686
9781603093705
9781603093590
9781603090490
9781603093811
9781603092746
9781603093552
9781603093200
9781603090681
9781603093774
9781891830297
9781603093477
9781603093255
9781603090711
9781603093675
9781603090568
9781603093040
9781603090896
9781603090377
9781891830143
9781603090544
9780692246184
9781603090209
9781603090315
9781603090551
9781891830969
9781603090438
9781603090520
9781891830877
9781603090186
9781603090452
9781603092586
9781603090339
9781891830846
9781603090056
9781891830310
9781891830709
9781603093507
9780980102369
9780980102338
9781891830983
9781891830044
9781891830112
9781891830327
9781603093323
9781891830730
9781603090612
9781603090582
9781603090742
9781603090766
9781603091503
9781603091510
9781891830419
9781603090889
9781603093712
9781891830389
9781603090032
9781603090353
9781603090650
9781891830723
9781603090971
9781603093736
9781603090148
9781603093668
ISBN RECOMMEN
9781603093699
9781603090278
9781603093828
9781891830822
9781603093873
9781603093972
9781603093446
9781603093866
9781603093880
9781603093859
9781603094030
9781603093934
9781603093958
9781603094023
9781603093965
9781603090018
9781603090797
9781891830501
9781603093927
